[System]
Name='b7matlab'
Type='mamdani'
Version=2.0
NumInputs=2
NumOutputs=1
NumRules=49
AndMethod='min'
OrMethod='max'
ImpMethod='prod'
AggMethod='sum'
DefuzzMethod='centroid'

[Input1]
Name='E'
Range=[-1 1]
NumMFs=7
MF1='GN':'trapmf',[-1 -1 -0.75 -0.5]
MF2='ZZ':'trimf',[-0.25 0 0.25]
MF3='GP':'trapmf',[0.5 0.75 1 1]
MF4='MN':'trimf',[-0.75 -0.5 -0.25]
MF5='MP':'trimf',[0.25 0.5 0.75]
MF6='PN':'trimf',[-0.5 -0.25 0]
MF7='PP':'trimf',[0 0.25 0.5]

[Input2]
Name='ED'
Range=[-1 1]
NumMFs=7
MF1='GN':'trapmf',[-1 -1 -0.75 -0.5]
MF2='ZZ':'trimf',[-0.25 0 0.25]
MF3='GP':'trapmf',[0.5 0.75 1 1]
MF4='MN':'trimf',[-0.75 -0.5 -0.25]
MF5='MP':'trimf',[0.25 0.5 0.75]
MF6='PN':'trimf',[-0.5 -0.25 0]
MF7='PP':'trimf',[0 0.25 0.5]

[Output1]
Name='FUZZY'
Range=[-1 1]
NumMFs=7
MF1='GN':'trapmf',[-1 -1 -0.75 -0.5]
MF2='ZZ':'trimf',[-0.25 0 0.25]
MF3='GP':'trapmf',[0.5 0.75 1 1]
MF4='MN':'trimf',[-0.75 -0.5 -0.25]
MF5='MP':'trimf',[0.25 0.5 0.75]
MF6='PN':'trimf',[-0.5 -0.25 0]
MF7='PP':'trimf',[0 0.25 0.5]

[Rules]
1 1, 1 (1) : 1
1 4, 1 (1) : 1
1 6, 4 (1) : 1
1 2, 4 (1) : 1
1 7, 6 (1) : 1
1 5, 6 (1) : 1
1 3, 2 (1) : 1
4 1, 1 (1) : 1
4 4, 4 (1) : 1
4 6, 4 (1) : 1
4 2, 6 (1) : 1
4 7, 6 (1) : 1
4 5, 2 (1) : 1
4 3, 7 (1) : 1
6 1, 4 (1) : 1
6 4, 4 (1) : 1
6 6, 6 (1) : 1
6 2, 6 (1) : 1
6 7, 2 (1) : 1
6 5, 7 (1) : 1
6 3, 7 (1) : 1
2 1, 4 (1) : 1
2 4, 6 (1) : 1
2 6, 6 (1) : 1
2 2, 2 (1) : 1
2 7, 7 (1) : 1
2 5, 7 (1) : 1
2 3, 5 (1) : 1
7 1, 6 (1) : 1
7 4, 6 (1) : 1
7 6, 2 (1) : 1
7 2, 7 (1) : 1
7 7, 7 (1) : 1
7 5, 5 (1) : 1
7 3, 5 (1) : 1
5 1, 6 (1) : 1
5 4, 2 (1) : 1
5 6, 7 (1) : 1
5 2, 7 (1) : 1
5 7, 5 (1) : 1
5 5, 5 (1) : 1
5 3, 3 (1) : 1
3 1, 2 (1) : 1
3 4, 7 (1) : 1
3 6, 7 (1) : 1
3 2, 5 (1) : 1
3 7, 5 (1) : 1
3 5, 3 (1) : 1
3 3, 3 (1) : 1
